0.000000000000000000e+00
3.753126652427511423e-01
7.065285567938143219e-01
8.604498708299045395e-01
8.929954831793667225e-01
2.216840098845454410e+00
2.422519276110340236e+00
2.548030596559073047e+00
2.709855003163719633e+00
2.813909321048788659e+00
2.930972626007910975e+00
3.036599144228320224e+00
3.066843766214432332e+00
3.081867087417533568e+00
3.075452955962601376e+00
3.104418086033833735e+00
3.108934941581717570e+00
3.112093817884259206e+00
3.135139256124519935e+00
3.134680350576015684e+00
3.164329223519299017e+00
3.166546888775683133e+00
3.174689031641452885e+00
3.203474667445568969e+00
3.270139533619067951e+00
3.340559742346224770e+00
3.346242082179505584e+00
3.355821694483170248e+00
3.369254969314095405e+00
3.409310050552663451e+00
3.432338311783486251e+00
3.421527941841823406e+00
3.415455002956667929e+00
3.412393728144728300e+00
3.374487029606549893e+00
3.329144315765336870e+00
3.351693781758618318e+00
3.373516483763964846e+00
3.396027950547242824e+00
3.381486601035028627e+00
3.401642007374411136e+00
3.401365492089859277e+00
3.417459964660777505e+00
3.442282334870814697e+00
3.455390813488332213e+00
3.487663624606224033e+00
3.477948983875058797e+00
3.494238925995780676e+00
3.499600954395702512e+00
3.476077840334059754e+00
3.474089171122514585e+00
3.458906256981447935e+00
3.477983057314696591e+00
3.492520149054596512e+00
3.500872590654795058e+00
3.485902811683680991e+00
3.491033936780007618e+00
3.506308625885116381e+00
3.499568747209420128e+00
3.512691170086262193e+00
3.521685603979813006e+00
3.518469365452387976e+00
3.534743583559575963e+00
3.529043303924796149e+00
3.510072701724453736e+00
3.479796164452496399e+00
3.476427331465107073e+00
3.460755475380393964e+00
3.456602288831952308e+00
3.459056533446597470e+00
3.446478753778782878e+00
3.465979971654403524e+00
3.480172937263468214e+00
3.501996008071991184e+00
3.499617426347363391e+00
3.488119000439070749e+00
3.498103578970559457e+00
3.493007729685435603e+00
3.505484869463465269e+00
3.493958206654733445e+00
3.486473874336992740e+00
3.497211935052842335e+00
3.497248177845134531e+00
3.516871187836851931e+00
3.514009441343533435e+00
3.523871033041051870e+00
3.544435635814457530e+00
3.530973862470819569e+00
3.549168672897276000e+00
3.555232830129138932e+00
3.581559283121193982e+00
3.587146004585743508e+00
3.592475095287671838e+00
3.604962897180713721e+00
3.609584869283046782e+00
3.619795754810150257e+00
3.613041218857423242e+00
3.602501853548363275e+00
3.594592736955156465e+00
3.587808161989149536e+00
3.584794917299253481e+00
3.594041326519985535e+00
3.569340013738917516e+00
3.566180995152745670e+00
3.549684495532479556e+00
3.542391763592096954e+00
3.557781364868043195e+00
3.550386483272563343e+00
3.558717664640019152e+00
3.546188758256518359e+00
3.531317944523873820e+00
3.538640596589336607e+00
3.527082576331183272e+00
3.539335373093873471e+00
3.541183206325351218e+00
3.561353800078407517e+00
3.582454609445277161e+00
3.570490068791551064e+00
3.569814345443759862e+00
3.554358673411976088e+00
3.550980804477175123e+00
3.563045438987220592e+00
3.573583471207916862e+00
3.607582605089529881e+00
3.614094707760330039e+00
3.621986008727419826e+00
3.624629533924490943e+00
3.622451444055147629e+00
3.646878569247334667e+00
3.640176635463069577e+00
3.644585159235186556e+00
3.641239931099385263e+00
3.638905972349808948e+00
3.645436385740656871e+00
3.643016512318731248e+00
3.646483692063271942e+00
3.642343869117759425e+00
3.649176898664804103e+00
3.647099121722136683e+00
3.639411310296487567e+00
3.649198243016812171e+00
3.655065489909585352e+00
3.650456886910781407e+00
3.657433082391985835e+00
3.646836587323421863e+00
3.654128019752817647e+00
3.650884705914267503e+00
3.653349430133474129e+00
3.660985985699966250e+00
3.654357100115838808e+00
3.649917118279918160e+00
3.641639259970784082e+00
3.638207766784159691e+00
3.631322619117122841e+00
3.623335339434350377e+00
3.629966336792494364e+00
3.636507248876570397e+00
3.649668424405739575e+00
3.658154492196569407e+00
3.661183774425571524e+00
3.673173531019664484e+00
3.686537698886821701e+00
3.682264701662442352e+00
3.678300029830003037e+00
3.675807343890070467e+00
3.671789907796857211e+00
3.672283160199247387e+00
3.671734880244933663e+00
3.686257293097334742e+00
3.693381320224646824e+00
3.694747409956776973e+00
3.699127778203351369e+00
3.683545901270848244e+00
3.677329525305822244e+00
3.661705563074734826e+00
3.663388239210821684e+00
3.668810475337083599e+00
3.670296845774710714e+00
3.678494120941726120e+00
3.674711415010657234e+00
3.678872061187469011e+00
3.681714697097365541e+00
3.687497994080713326e+00
3.691375625253284998e+00
3.697035098779622331e+00
3.703094998716113029e+00
3.707764870332920903e+00
3.712395096698344776e+00
3.715951688280169751e+00
3.729691041905747628e+00
3.736779161781011993e+00
3.736129849513897483e+00
3.743187644656351676e+00
3.729718778666723633e+00
3.737125406692195728e+00
3.729067868196533464e+00
3.743536805544998014e+00
3.747748351090962160e+00
3.743231021959564142e+00
3.739528130669592887e+00
3.732232210597856703e+00
3.722244009664592568e+00
3.715608974394655206e+00
3.713863056407829433e+00
3.714022837443658798e+00
3.710542304475693332e+00
3.706512028223505784e+00
3.703224545172202564e+00
3.705025304127895769e+00
3.708270051304096260e+00
3.716027519390319611e+00
3.708873383851569283e+00
3.702704590015567288e+00
3.695887380665059396e+00
3.699518756011177967e+00
3.715027410963707144e+00
3.712093190575040946e+00
3.730733517015499157e+00
3.731914913537670575e+00
3.739187600860939487e+00
3.739744472944695364e+00
3.745943441790085870e+00
3.747235411460247523e+00
3.736537100921601962e+00
3.738735117152568677e+00
3.739326593346795846e+00
3.743357825678550910e+00
3.749811889790759523e+00
3.737324435182721061e+00
3.730989410408850571e+00
3.740040786181163757e+00
3.732587422938890231e+00
3.735198077001360417e+00
3.730690453638418891e+00
3.733145244209236768e+00
3.738517146845657724e+00
3.731733000412136292e+00
3.727086067748918818e+00
3.723094228452932697e+00
3.724170592642349842e+00
3.741484412319667996e+00
3.765801894454256171e+00
3.769552407401629779e+00
3.773415878924797351e+00
3.769243569933303117e+00
3.762230612873976643e+00
3.759992163782766017e+00
3.752473581158252358e+00
3.750928810919407663e+00
3.747895093085157558e+00
3.735030268995571223e+00
3.743624793577799537e+00
3.737432358141012489e+00
3.737601764348985167e+00
3.740678117505912947e+00
3.735968553378882007e+00
3.743722058155807275e+00
3.742454187141697641e+00
3.751762673458268527e+00
3.758183503853762986e+00
3.761836948510083545e+00
3.765202286302189005e+00
3.765974453652484844e+00
3.761156691832431509e+00
3.760609246750387769e+00
3.745451559622603899e+00
3.733562703118732173e+00
3.717293460388545245e+00
3.715593991942623742e+00
3.712066028363369963e+00
3.704603112092102801e+00
3.707339963954524364e+00
3.695478681263649978e+00
3.695447391413205995e+00
3.698000253457033537e+00
3.690800922664351003e+00
3.685929069473324660e+00
3.672573233447183672e+00
3.665877662805998582e+00
3.656973624164165049e+00
3.639580600784263709e+00
3.611576187336547061e+00
3.601839759897946802e+00
3.602497557577652554e+00
3.598775223184290439e+00
3.585776820615318883e+00
3.581316237835692196e+00
3.570528990360083199e+00
3.574380533560747253e+00
3.575728589860210693e+00
3.571520450161251414e+00
3.582460884542919555e+00
3.568338718382106922e+00
3.558417298484815916e+00
3.560140516034949076e+00
3.531457569208140246e+00
3.507199725239904975e+00
3.475198663861929216e+00
3.469632402554761796e+00
3.464729754949701590e+00
3.447057420843051556e+00
3.438834764898562213e+00
3.439318597792984544e+00
3.425615272808693934e+00
3.425193826290831911e+00
3.400094570961158524e+00
3.389986536356201174e+00
3.388031532983504235e+00
3.383046383149572733e+00
3.385414310125553161e+00
3.370028753434612501e+00
3.364068313066025606e+00
3.350032941391731356e+00
3.338571853189221894e+00
3.319204298690691335e+00
3.291838590817699473e+00
3.273337622040340733e+00
3.289288156550711051e+00
3.296176858803532284e+00
3.311750147338698991e+00
3.297383221602812942e+00
3.294093145234393116e+00
3.268406608638205313e+00
3.266682305680614906e+00
3.235846722703891398e+00
3.195461857926865434e+00
3.210394021627080985e+00
3.193336151106454412e+00
3.197387881236387397e+00
3.201712834295800558e+00
3.176646156256923259e+00
3.133030370245007745e+00
3.098040685666827443e+00
3.088523644774653576e+00
3.080581063458303959e+00
3.091427416989516175e+00
3.122640570317761100e+00
3.095213271381268783e+00
3.099161565642871263e+00
3.046219985540867814e+00
3.060698152054894816e+00
3.043215370378693496e+00
2.972610523974994923e+00
2.967782768234099589e+00
2.911364373323120702e+00
2.914574225097832372e+00
2.902552139680488974e+00
2.876087390834150881e+00
2.867143989669525439e+00
2.851100037389278086e+00
2.845196920463390455e+00
2.809000672583734204e+00
2.741264883164165056e+00
2.707759298972284956e+00
2.641332793849473504e+00
2.633118264477058545e+00
2.592537290856804955e+00
2.571039904404444076e+00
2.569107966528232367e+00
2.569067023101190284e+00
2.583641498068010023e+00
2.589505022152193803e+00
2.650728907227079656e+00
2.667443903773624836e+00
2.681435279563124663e+00
2.618652478835166608e+00
2.640849192316867544e+00
2.630035292208221076e+00
2.591151087334991221e+00
2.582034131824656242e+00
2.544445461660014729e+00
2.489523683771504903e+00
2.472128878933172569e+00
2.494140177640348011e+00
2.462792729484674314e+00
2.433024658619956426e+00
2.392825559449375472e+00
2.334583603976050359e+00
2.317892641386145147e+00
2.246222361111644528e+00
2.153748493547953391e+00
2.158457769020081685e+00
2.175598416177030980e+00
2.228717059903552844e+00
2.203705288766387937e+00
2.256413205191456495e+00
2.210743205195811800e+00
2.229624043727634675e+00
2.129300663142647210e+00
2.138070688033687716e+00
2.138951214069935158e+00
2.055127321054274869e+00
2.052940408310212739e+00
1.952177160129086930e+00
1.953535194660791063e+00
1.982810527098669562e+00
1.915725034402637528e+00
1.954359717304135158e+00
1.885598207552283689e+00
1.752161165246626018e+00
1.692573156788500954e+00
1.649791905469498943e+00
1.540235434136022041e+00
1.580666057678528524e+00
1.559813067780940754e+00
1.532145867070035195e+00
1.512994592199156330e+00
1.471527003203505712e+00
1.438010240448754695e+00
1.356408826455042904e+00
1.341615020149824034e+00
1.305185927073277741e+00
1.237087420957054595e+00
1.170614853950247003e+00
1.139387888070313881e+00
1.109216787747533850e+00
1.097502661750108466e+00
1.002299217498103578e+00
1.027140513541371591e+00
1.022969053545981444e+00
9.327579979450151271e-01
9.522973687425596578e-01
9.909991757264794421e-01
9.697477952921017552e-01
9.630646026671686455e-01
1.025338799009478441e+00
1.016707982324841941e+00
8.924394994127178293e-01
8.941890289949693260e-01
8.845937374321873881e-01
8.186524382309480208e-01
8.799113916835992200e-01
8.358148163486737170e-01
8.218859656686291482e-01
6.911277374022931630e-01
6.688225617008566326e-01
6.365780666422102829e-01
5.784136987877248615e-01
5.428983127787250229e-01
5.085869992135040318e-01
5.039786201637254104e-01
4.789206808856460995e-01
4.469413949138663078e-01
4.079660906992151337e-01
4.345082029346896135e-01
3.553404427926126208e-01
3.431248934585535149e-01
2.864552338557459499e-01
2.540523579577063096e-01
2.988269011314749757e-01
2.402856179556677463e-01
1.942775004648860104e-01
1.976329313902464302e-01
2.242393639523162785e-01
1.668344719793994901e-01
1.755799832469448207e-01
1.897804294106616441e-01
2.093835574088220020e-01
1.908547870335657315e-01
1.939133235210841744e-01
1.899772915593862521e-01
1.882132673494792130e-01
2.178119147443969839e-01
2.163136831345665867e-01
2.284955115273400172e-01
1.809031708012401596e-01
2.001738928432638953e-01
2.004942034761142133e-01
2.059087590665527046e-01
1.963514890219831555e-01
1.596240043610044623e-01
4.408940154981474263e-02
0.000000000000000000e+00
0.000000000000000000e+00
0.000000000000000000e+00
0.000000000000000000e+00
0.000000000000000000e+00
0.000000000000000000e+00
0.000000000000000000e+00
0.000000000000000000e+00
0.000000000000000000e+00
0.000000000000000000e+00
0.000000000000000000e+00
0.000000000000000000e+00
0.000000000000000000e+00
0.000000000000000000e+00
0.000000000000000000e+00
0.000000000000000000e+00
0.000000000000000000e+00
0.000000000000000000e+00
0.000000000000000000e+00
0.000000000000000000e+00
0.000000000000000000e+00
0.000000000000000000e+00
0.000000000000000000e+00
0.000000000000000000e+00
0.000000000000000000e+00
0.000000000000000000e+00
0.000000000000000000e+00
0.000000000000000000e+00
