0.000000000000000000e+00
6.285301421544948752e-01
1.081203681593621013e+00
1.263094222009561562e+00
1.270720938669925859e+00
2.776296171770534560e+00
2.982374171250829153e+00
3.246430244089077544e+00
3.316877040680521471e+00
3.455244644501789697e+00
3.588796717681651760e+00
3.690522006183606152e+00
3.754800792260470033e+00
3.790890599059714372e+00
3.831956641242923567e+00
3.882667199166911498e+00
3.932170079425592490e+00
3.956976929488730921e+00
3.956069488865304518e+00
3.964713401106122692e+00
3.998797857823959578e+00
4.043390539240657944e+00
4.061205680678960483e+00
4.074785595978105412e+00
4.084148580112938021e+00
4.094788653086481212e+00
4.087920503704220998e+00
4.081970260342308698e+00
4.099277728293586165e+00
4.142702631960513138e+00
4.173652795179735087e+00
4.195490743723296667e+00
4.217872469174879235e+00
4.221279561352724308e+00
4.201507031222633692e+00
4.181042636929055867e+00
4.189688048906142548e+00
4.224824992633155141e+00
4.235112885572760888e+00
4.232529419498775702e+00
4.245955779444089195e+00
4.256867837609324745e+00
4.270705865844681703e+00
4.279251448138272629e+00
4.285071470836494534e+00
4.298712914682775832e+00
4.297986886700642550e+00
4.292006754246057376e+00
4.302810893783008517e+00
4.313787322760751941e+00
4.317162367464344008e+00
4.304777164568020176e+00
4.302309246229847339e+00
4.310809385813928252e+00
4.322065764480242045e+00
4.332400301630255690e+00
4.333476469961277111e+00
4.333171370633624342e+00
4.338983435718581916e+00
4.343399673328178778e+00
4.353823263132754029e+00
4.355731414975278604e+00
4.353719059821411719e+00
4.355219907762499787e+00
4.363927663530027701e+00
4.365369123677782959e+00
4.361626512941804812e+00
4.358924685362331353e+00
4.363655301822346289e+00
4.354830992831893788e+00
4.348333283964834983e+00
4.342980985743738920e+00
4.344256193582441306e+00
4.336345578130343270e+00
4.328304033508305615e+00
4.324595229060154367e+00
4.328122607067864003e+00
4.330234301429411126e+00
4.328993307348650177e+00
4.328079623139615251e+00
4.328986327676369150e+00
4.325925974014298347e+00
4.328725275133876060e+00
4.328995943459561069e+00
4.326459508971665535e+00
4.318036493028984957e+00
4.311844897671727850e+00
4.322330005807846653e+00
4.325366129641199819e+00
4.325881956213284418e+00
4.322235338695395335e+00
4.321044511763655116e+00
4.325487090750534946e+00
4.328567375885175927e+00
4.321044466968184672e+00
4.319456512080072308e+00
4.316852438841491058e+00
4.319233877474843553e+00
4.322337369023129483e+00
4.325864976993869959e+00
4.323279367924389938e+00
4.317896736803484181e+00
4.318139963117343605e+00
4.320612016356412788e+00
4.324161543340037106e+00
4.324893502592749073e+00
4.334416252864033758e+00
4.333004895724631211e+00
4.333024578586711861e+00
4.329573956493510956e+00
4.327044588646497658e+00
4.331056820939512164e+00
4.335326552771576303e+00
4.336589443284194267e+00
4.336123270545836128e+00
4.329525783617228285e+00
4.328572070899013191e+00
4.329278747163078478e+00
4.326770513978924093e+00
4.324283121494322479e+00
4.321911125281030053e+00
4.325457434986675231e+00
4.317878077942281401e+00
4.319220469803366491e+00
4.311845871119914797e+00
4.314945043339410979e+00
4.316258403277775102e+00
4.310215413196822887e+00
4.315564010950530438e+00
4.306019315381810486e+00
4.302474623740064175e+00
4.294881772286108124e+00
4.287885270342136401e+00
4.287683485525064953e+00
4.282728074674925445e+00
4.285270922401623217e+00
4.290345792006213799e+00
4.292215141822153690e+00
4.297053036485682043e+00
4.296940885204204363e+00
4.296942960063858230e+00
4.288878540772436132e+00
4.293521507391299785e+00
4.294083095040252651e+00
4.290316889456954108e+00
4.294987668569410388e+00
4.293507363791671416e+00
4.297421923581974390e+00
4.293490313276631554e+00
4.292181543190420001e+00
4.298721548100150613e+00
4.295829499732515266e+00
4.303694085593265051e+00
4.303985466412874494e+00
4.304296982849800557e+00
4.306534204343062555e+00
4.303322064943780667e+00
4.306135166090807154e+00
4.298105381124232238e+00
4.298229893910665567e+00
4.297861039082452983e+00
4.298424572207348859e+00
4.301212942092995206e+00
4.299541620211941861e+00
4.310436536078410263e+00
4.317779125847256871e+00
4.315424451096127711e+00
4.308990875722590097e+00
4.305535617501284662e+00
4.302992388410359581e+00
4.307133492640319083e+00
4.301896033692240273e+00
4.297467602928630726e+00
4.296715378685553866e+00
4.297871885753789201e+00
4.299326828591676808e+00
4.301712799789025432e+00
4.301336904399586381e+00
4.296131451792823519e+00
4.292809989617007993e+00
4.285688351934836327e+00
4.289927662636369377e+00
4.288412463503200378e+00
4.287810019709843878e+00
4.295429921766975134e+00
4.285536767021151938e+00
4.291178027292716024e+00
4.288779419029387086e+00
4.295754184013010679e+00
4.293743775952134634e+00
4.287926969068376337e+00
4.294287276024413735e+00
4.285586314455872348e+00
4.293377925892583491e+00
4.287912178293848520e+00
4.277618773612180902e+00
4.265618638145892483e+00
4.243079945779540729e+00
4.252743867282675616e+00
4.253361784847548677e+00
4.260515812119876067e+00
4.263749912090707639e+00
4.250343176296701664e+00
4.253699329065033119e+00
4.236366215220681575e+00
4.233751408057920607e+00
4.223448643262744717e+00
4.208866096701563642e+00
4.199683699540366355e+00
4.189232779698042641e+00
4.190783264378764805e+00
4.181044650898344095e+00
4.176754652122784073e+00
4.175193379122159598e+00
4.167361379243049946e+00
4.172723180861598102e+00
4.156288494902443453e+00
4.151400599148730386e+00
4.144112351816295892e+00
4.138412964884615519e+00
4.141146630012843666e+00
4.138103496326134945e+00
4.134394533766777791e+00
4.123995289868177316e+00
4.109084983362726540e+00
4.097052717411339806e+00
4.082920498661752440e+00
4.084941911498597200e+00
4.070332823994369242e+00
4.069020170473411468e+00
4.071573953639376242e+00
4.077817766523783582e+00
4.079723841031444032e+00
4.075328779439760574e+00
4.085216626946293950e+00
4.088249379789993476e+00
4.072210969306174100e+00
4.067681437015038703e+00
4.037136229010585886e+00
4.018007356326843471e+00
4.003151101505867615e+00
3.991757130380165552e+00
4.000049740358985417e+00
3.968937618498898701e+00
3.974516602662383491e+00
3.961802662696651822e+00
3.954495913381952388e+00
3.959926244457670830e+00
3.938210560894174872e+00
3.923733993406498755e+00
3.918585495442452160e+00
3.906073122883528814e+00
3.909420007463758395e+00
3.897682982044622602e+00
3.904223613992110042e+00
3.892905970145908778e+00
3.898048470495279361e+00
3.905660576808109408e+00
3.907584886443959959e+00
3.912191627342982425e+00
3.895487748309617526e+00
3.894820800665249383e+00
3.880705158485940220e+00
3.884676409953137011e+00
3.870656190120834950e+00
3.852015976918936158e+00
3.833364296231199564e+00
3.817212043907996843e+00
3.804871461067650618e+00
3.800505442681041846e+00
3.806097950698374088e+00
3.814459155702152771e+00
3.814526620390512601e+00
3.799804778958659313e+00
3.787825236422143416e+00
3.775094241093656766e+00
3.760386496534749323e+00
3.754783898919350715e+00
3.743242523116055764e+00
3.740640442218539530e+00
3.749780367619627963e+00
3.738524787913844794e+00
3.715387119926928161e+00
3.706850880334586318e+00
3.699320115461471659e+00
3.654963874107778565e+00
3.645451991720518148e+00
3.631497973786901756e+00
3.636354221274810339e+00
3.636590480503009815e+00
3.602548606846302182e+00
3.581027868462451469e+00
3.538696614437904397e+00
3.510925972454130406e+00
3.467723362704409507e+00
3.425033377217169051e+00
3.418552159749275177e+00
3.408932031459139811e+00
3.406084710914489833e+00
3.427545779986210572e+00
3.428481207099129957e+00
3.428439741168334276e+00
3.443667930541126854e+00
3.447819961100563546e+00
3.417136568774780780e+00
3.410699439534111033e+00
3.371564330496166662e+00
3.354231763246533493e+00
3.366134770624274353e+00
3.363738002639296454e+00
3.366840832962636032e+00
3.351114305918310610e+00
3.290377569465520846e+00
3.229383406753465025e+00
3.225387563139341385e+00
3.194419017168357744e+00
3.211294815442000239e+00
3.196373237841637849e+00
3.171029609835391838e+00
3.200079501273831450e+00
3.196764882543682074e+00
3.162480162304321052e+00
3.114350834925321276e+00
3.101748661645290728e+00
3.088761772814670348e+00
3.082620394295668920e+00
3.071420715133937662e+00
3.040499279945606315e+00
3.051948470637085631e+00
3.074254152573186349e+00
3.055993575870985524e+00
3.058185743165150683e+00
3.021048202295601115e+00
3.041623243147452360e+00
3.015188869072025213e+00
2.982335243760203536e+00
2.915068605737931140e+00
2.876704463810216605e+00
2.821734942281313607e+00
2.784119242403770844e+00
2.768821702039547361e+00
2.782948594702379541e+00
2.786909084424790795e+00
2.817866562633598360e+00
2.791457238221421999e+00
2.753279817223379222e+00
2.629883109474312253e+00
2.550705857893274864e+00
2.559626756461192532e+00
2.550173479151331080e+00
2.549978896740365375e+00
2.519876776809450547e+00
2.527664431993833283e+00
2.523953145724348257e+00
2.515611401935545999e+00
2.499102247678977928e+00
2.404287906441482381e+00
2.342693341259617590e+00
2.319642509411227405e+00
2.228806863477593492e+00
2.111973975351542521e+00
2.091508713317201451e+00
2.072233921312865323e+00
1.948503681136464438e+00
1.891353089873488935e+00
1.937152526066633795e+00
1.945263131290172032e+00
1.944069473788936131e+00
1.848550827973263866e+00
1.858181118417445710e+00
1.843449561786557167e+00
1.813040813313987032e+00
1.787324768605732972e+00
1.682525063949791289e+00
1.563904257581050006e+00
1.444209249054236643e+00
1.459135028510237575e+00
1.480103153552892570e+00
1.454376225467122863e+00
1.287631312503910941e+00
1.275404518373194795e+00
1.309508948959403840e+00
1.296164605151748583e+00
1.304702493484806380e+00
1.296716377817301202e+00
1.282346302826452122e+00
1.230970544702948866e+00
1.230770867677274616e+00
1.222843439748062311e+00
1.271393879473520228e+00
1.273432913617179363e+00
1.210728954001117907e+00
1.111232258943315010e+00
1.047708308408192179e+00
9.535362721721956092e-01
9.791015023531975947e-01
9.144776655677215871e-01
9.415749016255136050e-01
9.083451575690956181e-01
9.743552735524093622e-01
9.291265724536460491e-01
9.292073005012827513e-01
9.384685013851395974e-01
8.781587503970520459e-01
8.541119187398512613e-01
7.629225903149888799e-01
7.428753004639556679e-01
7.238196248468798943e-01
7.264198929214416012e-01
6.928192894612285047e-01
6.900689539092869085e-01
6.646227029813949194e-01
7.462025639885156991e-01
7.266829543647169709e-01
6.296071316626193903e-01
6.393692384386863159e-01
6.031284575867824627e-01
6.146347557921242322e-01
5.756985447113716070e-01
6.021388681749427763e-01
6.887941101033664415e-01
7.498080610641199018e-01
7.963593825205516064e-01
7.518205093305230236e-01
6.351009690878756109e-01
4.915106608372143415e-01
4.787561667721362824e-01
4.909434120616580910e-01
4.467933754978912764e-01
4.647301145143168388e-01
4.461523908201789346e-01
4.622052974742559273e-01
4.547683438034075265e-01
4.069831597198468320e-01
3.504615064215614306e-01
2.806274381427103504e-01
2.579151961035446305e-01
2.476054851020486336e-01
1.541454425757408653e-01
1.107991487413518689e-01
8.649401096651776477e-02
1.276954669505563633e-01
1.205845028825915238e-01
1.220160532119352187e-01
1.195235499520300587e-01
1.195303568878219869e-01
1.200901440693449285e-01
1.342079884601223572e-01
1.197625862865697027e-01
1.168430042561249826e-01
1.302089768591285779e-01
1.043902833280968973e-01
1.028930673319036343e-01
8.930455160419721594e-02
4.418397805773402465e-02
2.765789567023112586e-02
2.125199203039838600e-02
1.891581598716662524e-02
6.214385588234557639e-03
0.000000000000000000e+00
0.000000000000000000e+00
0.000000000000000000e+00
0.000000000000000000e+00
0.000000000000000000e+00
0.000000000000000000e+00
0.000000000000000000e+00
0.000000000000000000e+00
0.000000000000000000e+00
0.000000000000000000e+00
0.000000000000000000e+00
0.000000000000000000e+00
0.000000000000000000e+00
0.000000000000000000e+00
0.000000000000000000e+00
0.000000000000000000e+00
0.000000000000000000e+00
0.000000000000000000e+00
0.000000000000000000e+00
0.000000000000000000e+00
0.000000000000000000e+00
0.000000000000000000e+00
0.000000000000000000e+00
0.000000000000000000e+00
0.000000000000000000e+00
0.000000000000000000e+00
0.000000000000000000e+00
0.000000000000000000e+00
0.000000000000000000e+00
0.000000000000000000e+00
0.000000000000000000e+00
0.000000000000000000e+00
0.000000000000000000e+00
0.000000000000000000e+00
0.000000000000000000e+00
0.000000000000000000e+00
0.000000000000000000e+00
0.000000000000000000e+00
0.000000000000000000e+00
0.000000000000000000e+00
0.000000000000000000e+00
