0.000000000000000000e+00
6.831650130640950502e-01
1.153549327864422214e+00
1.458872033590618900e+00
1.599028907738648364e+00
3.374007800473396657e+00
3.601439731168671443e+00
3.680816539121858799e+00
3.843270409671588173e+00
3.913351996115370213e+00
3.982593049572250354e+00
4.060201379633485708e+00
4.095900670034255953e+00
4.136084420163061992e+00
4.171449889066162875e+00
4.161562331252764757e+00
4.172112024596084545e+00
4.200487356390349980e+00
4.230382612658925900e+00
4.252642561020436140e+00
4.259777684883818694e+00
4.283561252446683731e+00
4.300186436728130168e+00
4.317029734490053450e+00
4.328416039471961518e+00
4.340878996699868431e+00
4.353344330088881442e+00
4.374011853160657992e+00
4.387901988358418492e+00
4.387612226824662898e+00
4.386764395883340661e+00
4.397006374992259659e+00
4.412324463489429860e+00
4.420127803782158082e+00
4.404852486257356148e+00
4.416462984428977556e+00
4.424405530733892533e+00
4.427327690477290467e+00
4.425453440980576580e+00
4.428300526067002529e+00
4.430934280546686921e+00
4.424626108919643919e+00
4.436575018959463712e+00
4.442128961544726806e+00
4.443410867931253172e+00
4.447995955824183945e+00
4.449589946839693333e+00
4.453284666999966390e+00
4.452674755337064028e+00
4.449026255381459016e+00
4.455245725943330903e+00
4.455508974316020776e+00
4.460518128760809553e+00
4.453454957364919586e+00
4.458975420771491116e+00
4.460088626176315962e+00
4.451585493454949471e+00
4.457307892023345985e+00
4.451431857248585366e+00
4.457788702186371133e+00
4.456994598644723915e+00
4.448983573522460766e+00
4.456803521468643225e+00
4.461998848398457618e+00
4.462601589643893085e+00
4.462036728497906779e+00
4.457413024725006778e+00
4.454962990599250716e+00
4.443256454057927129e+00
4.446505871714598435e+00
4.438449626205838605e+00
4.443697716083875981e+00
4.453879022160875500e+00
4.451588915804493674e+00
4.458382766211190784e+00
4.455227633602545367e+00
4.449398433827743915e+00
4.455357765055436126e+00
4.462628001724797677e+00
4.469885898325543394e+00
4.471187621289453240e+00
4.473062171183671332e+00
4.477091997632274278e+00
4.483415242439408921e+00
4.487810024426447164e+00
4.489129889934877049e+00
4.489017963936539068e+00
4.489892279715181900e+00
4.490494478824376579e+00
4.487853100397095396e+00
4.479886367582805562e+00
4.481199501048297229e+00
4.475942298949844300e+00
4.477099753760520606e+00
4.483194679789509252e+00
4.485535259218948134e+00
4.487242879270733731e+00
4.484931780229112874e+00
4.488179039009556170e+00
4.486865730736822933e+00
4.483682114429406340e+00
4.479376073108783274e+00
4.476265133024561749e+00
4.475838254108194469e+00
4.475992748349928441e+00
4.477597809782742466e+00
4.478398005280664229e+00
4.475817955669247006e+00
4.476628748309270378e+00
4.472743026136312139e+00
4.476735331844469812e+00
4.476449318003301592e+00
4.478911689508373151e+00
4.481544132809446523e+00
4.485098889495839458e+00
4.484655512210679262e+00
4.482814667466805680e+00
4.480983593534791254e+00
4.481898369881830213e+00
4.480327577499754632e+00
4.480537139649558576e+00
4.480079562976239771e+00
4.484686310174352819e+00
4.488066898189544851e+00
4.491186347783334476e+00
4.494699293949763863e+00
4.489818698611810710e+00
4.488168432111930173e+00
4.485308773162365981e+00
4.482398078079653736e+00
4.479419972680288353e+00
4.472907110436532996e+00
4.471613096703474177e+00
4.466991386047001633e+00
4.465947436840338902e+00
4.468462970028891590e+00
4.468936060896161244e+00
4.470829464249619356e+00
4.470088683687301057e+00
4.473916997683802244e+00
4.474958386929130505e+00
4.474744604919553836e+00
4.476335091212062522e+00
4.476865924119455720e+00
4.474046490570496637e+00
4.475441341552168772e+00
4.477172168983805101e+00
4.481779262674994158e+00
4.478683374779925508e+00
4.475937345140073909e+00
4.475064288110260691e+00
4.475075258583841809e+00
4.477677550900613035e+00
4.479205365344630430e+00
4.476814046433226224e+00
4.471330202325638048e+00
4.461146736665365431e+00
4.460532781149308512e+00
4.459088523017809003e+00
4.462314066000828028e+00
4.460910732284107283e+00
4.454228200609264832e+00
4.449872154776731925e+00
4.451128714937834907e+00
4.455991050561198819e+00
4.458038334828566818e+00
4.456681460258341332e+00
4.453465675825441394e+00
4.454995755045879413e+00
4.454261159968802453e+00
4.449457804631532731e+00
4.455078343036596777e+00
4.455556616800529390e+00
4.456775211872297859e+00
4.455816516309558217e+00
4.453645500010186886e+00
4.455536664120725909e+00
4.449840479222491041e+00
4.455033426173866218e+00
4.456687499130384644e+00
4.455869793013622626e+00
4.456609806497259463e+00
4.454135264994333099e+00
4.454137961849000682e+00
4.452540701007037249e+00
4.452973700165508752e+00
4.454019275231989816e+00
4.446662873353330880e+00
4.452644505535933384e+00
4.459063620052416965e+00
4.460632900869323514e+00
4.458869197634277803e+00
4.452073301414259276e+00
4.446606336884399546e+00
4.447574464320750209e+00
4.449843267968120131e+00
4.449448460966924479e+00
4.446495239455320991e+00
4.448150957581511022e+00
4.445487520573478513e+00
4.444795579536322983e+00
4.438454946361098941e+00
4.435331534115460883e+00
4.441021145680736915e+00
4.443804654648635832e+00
4.442000997668960061e+00
4.443005709033926109e+00
4.434845479978874572e+00
4.425698030128502936e+00
4.416207405783400652e+00
4.406885063547339776e+00
4.412221965427795212e+00
4.415436986358679761e+00
4.419758547424678774e+00
4.414256281058109188e+00
4.404799278738690482e+00
4.395182648997043806e+00
4.381721516015615769e+00
4.379020798316232366e+00
4.366854756135234439e+00
4.361840325735179213e+00
4.359422128779487871e+00
4.363501435773756931e+00
4.364258879677082703e+00
4.356672577288306591e+00
4.347415377065983577e+00
4.327605005319258069e+00
4.320149510989726771e+00
4.313815675238784841e+00
4.316851941246618196e+00
4.318947927921188423e+00
4.327112054183441359e+00
4.335705683294869495e+00
4.334846257587009255e+00
4.342254630437015095e+00
4.338528163335897858e+00
4.331285570553572661e+00
4.331873852429071192e+00
4.322573138821424799e+00
4.325098468373991700e+00
4.311943888177836470e+00
4.305125346728400970e+00
4.295458220158123730e+00
4.273069906009171248e+00
4.264629303020447182e+00
4.256716499369080253e+00
4.253496056228212474e+00
4.249360655989949720e+00
4.242574457446931291e+00
4.248594985157169823e+00
4.240344507172026489e+00
4.256083141138430115e+00
4.267916866257462694e+00
4.269522116746582441e+00
4.276190530728880113e+00
4.271171319330083982e+00
4.283383824899932968e+00
4.269611143183289492e+00
4.259199797808483900e+00
4.254467080419184200e+00
4.253774714184539896e+00
4.258870642797396577e+00
4.245492698132003362e+00
4.246379573513770822e+00
4.227185314843795005e+00
4.214457385694882596e+00
4.209052147602107219e+00
4.212265186738679112e+00
4.190998525573815137e+00
4.186979276684197337e+00
4.173102743412855808e+00
4.156823556776277684e+00
4.143192201304306543e+00
4.153745781976964757e+00
4.164051666406887620e+00
4.166404419194781106e+00
4.164028811183875689e+00
4.141774083725493050e+00
4.120115705456857569e+00
4.101140274746424730e+00
4.106452811907076672e+00
4.088590380978541994e+00
4.095969494810009159e+00
4.096697294557110069e+00
4.105398424237933774e+00
4.099207238104303208e+00
4.097815921172387910e+00
4.115136562669993836e+00
4.120088067892337058e+00
4.079002293106221089e+00
4.045338171993921428e+00
4.016365914267312043e+00
4.008719855697923329e+00
3.972254397739165999e+00
3.916483627540965795e+00
3.873059149679074498e+00
3.804161054434780365e+00
3.785358229582766132e+00
3.741295411168819474e+00
3.728920309336176242e+00
3.701103865419380856e+00
3.657545951733528256e+00
3.646579005893881842e+00
3.617260485596517139e+00
3.619218485973116461e+00
3.583993751326041366e+00
3.527454279863793118e+00
3.533352613348107241e+00
3.534595679467839258e+00
3.505186439091179551e+00
3.468060077540641828e+00
3.475453991119128450e+00
3.469263013575559995e+00
3.374156664902814295e+00
3.308587436789689917e+00
3.297052117973721774e+00
3.326053834342009186e+00
3.374702463622468063e+00
3.437698122180885552e+00
3.355350407071371333e+00
3.329150211793506120e+00
3.294672875574100601e+00
3.253487371225840530e+00
3.157648897412357769e+00
3.062977943946312731e+00
3.025868644620086201e+00
2.967566601105285695e+00
2.762922700901936590e+00
2.663790336844690909e+00
2.535794736333934818e+00
2.320807650376949471e+00
2.236534738175375736e+00
2.041617599564316876e+00
1.895050317170161813e+00
1.741578137587159958e+00
1.717042168913599509e+00
1.668979722016552314e+00
1.752512242388565733e+00
1.831749381508502639e+00
1.833218282978585689e+00
1.794243587676346285e+00
1.725527459236354089e+00
1.635342311483217514e+00
1.686451153902529754e+00
1.649256183614517424e+00
1.519395220709350403e+00
1.432151303991000546e+00
1.297260382208325957e+00
1.103968899001106063e+00
9.443222110563231908e-01
8.346458480485567932e-01
6.684986423679010192e-01
5.324656703126708912e-01
4.159927960086076126e-01
3.349481166213925665e-01
3.326843076764205986e-01
3.130791150552035274e-01
2.686552437150767081e-01
1.976576364740915970e-01
1.402311859342928457e-01
1.158845331678670515e-01
9.134893841747847298e-02
5.967619252147457476e-02
2.531662205461669354e-02
1.650399218760938147e-02
0.000000000000000000e+00
0.000000000000000000e+00
0.000000000000000000e+00
0.000000000000000000e+00
0.000000000000000000e+00
0.000000000000000000e+00
0.000000000000000000e+00
0.000000000000000000e+00
0.000000000000000000e+00
0.000000000000000000e+00
0.000000000000000000e+00
0.000000000000000000e+00
0.000000000000000000e+00
0.000000000000000000e+00
0.000000000000000000e+00
0.000000000000000000e+00
0.000000000000000000e+00
0.000000000000000000e+00
0.000000000000000000e+00
0.000000000000000000e+00
0.000000000000000000e+00
0.000000000000000000e+00
0.000000000000000000e+00
0.000000000000000000e+00
0.000000000000000000e+00
0.000000000000000000e+00
0.000000000000000000e+00
0.000000000000000000e+00
0.000000000000000000e+00
0.000000000000000000e+00
0.000000000000000000e+00
0.000000000000000000e+00
0.000000000000000000e+00
0.000000000000000000e+00
0.000000000000000000e+00
0.000000000000000000e+00
0.000000000000000000e+00
0.000000000000000000e+00
0.000000000000000000e+00
0.000000000000000000e+00
0.000000000000000000e+00
0.000000000000000000e+00
0.000000000000000000e+00
0.000000000000000000e+00
0.000000000000000000e+00
0.000000000000000000e+00
0.000000000000000000e+00
0.000000000000000000e+00
0.000000000000000000e+00
0.000000000000000000e+00
0.000000000000000000e+00
0.000000000000000000e+00
0.000000000000000000e+00
0.000000000000000000e+00
0.000000000000000000e+00
0.000000000000000000e+00
0.000000000000000000e+00
0.000000000000000000e+00
0.000000000000000000e+00
0.000000000000000000e+00
0.000000000000000000e+00
0.000000000000000000e+00
0.000000000000000000e+00
0.000000000000000000e+00
0.000000000000000000e+00
0.000000000000000000e+00
0.000000000000000000e+00
0.000000000000000000e+00
0.000000000000000000e+00
0.000000000000000000e+00
0.000000000000000000e+00
0.000000000000000000e+00
0.000000000000000000e+00
0.000000000000000000e+00
0.000000000000000000e+00
0.000000000000000000e+00
0.000000000000000000e+00
0.000000000000000000e+00
0.000000000000000000e+00
0.000000000000000000e+00
0.000000000000000000e+00
0.000000000000000000e+00
0.000000000000000000e+00
0.000000000000000000e+00
0.000000000000000000e+00
0.000000000000000000e+00
0.000000000000000000e+00
0.000000000000000000e+00
0.000000000000000000e+00
0.000000000000000000e+00
0.000000000000000000e+00
0.000000000000000000e+00
0.000000000000000000e+00
0.000000000000000000e+00
0.000000000000000000e+00
0.000000000000000000e+00
0.000000000000000000e+00
0.000000000000000000e+00
0.000000000000000000e+00
0.000000000000000000e+00
0.000000000000000000e+00
0.000000000000000000e+00
0.000000000000000000e+00
0.000000000000000000e+00
0.000000000000000000e+00
0.000000000000000000e+00
0.000000000000000000e+00
0.000000000000000000e+00
0.000000000000000000e+00
0.000000000000000000e+00
0.000000000000000000e+00
0.000000000000000000e+00
0.000000000000000000e+00
0.000000000000000000e+00
0.000000000000000000e+00
0.000000000000000000e+00
0.000000000000000000e+00
0.000000000000000000e+00
0.000000000000000000e+00
0.000000000000000000e+00
0.000000000000000000e+00
0.000000000000000000e+00
0.000000000000000000e+00
0.000000000000000000e+00
0.000000000000000000e+00
0.000000000000000000e+00
0.000000000000000000e+00
0.000000000000000000e+00
0.000000000000000000e+00
0.000000000000000000e+00
0.000000000000000000e+00
0.000000000000000000e+00
0.000000000000000000e+00
0.000000000000000000e+00
0.000000000000000000e+00
