0.000000000000000000e+00
1.362820450790636739e+00
2.291046559667997418e+00
2.922040785751073511e+00
3.230080499776966096e+00
3.386968415683993872e+00
3.606064669566141134e+00
3.680670070931496785e+00
3.844002447807473910e+00
3.913199758403123951e+00
3.982771765199561997e+00
4.051818136713297491e+00
4.084582544447409980e+00
4.120340204740389645e+00
4.153743660814654071e+00
4.141863205723656627e+00
4.145235079824408864e+00
4.170526810982333465e+00
4.203108130788431929e+00
4.225674590391952812e+00
4.233897119145830779e+00
4.258766156911842238e+00
4.279910232065305742e+00
4.296797988259632994e+00
4.310100979069923177e+00
4.320565366635006121e+00
4.334573286534133096e+00
4.356810676636316160e+00
4.372561668869484386e+00
4.373010986921959109e+00
4.373064409503047756e+00
4.380883432712632697e+00
4.394552730926760908e+00
4.399124478321038367e+00
4.378917511345925995e+00
4.391191599558177394e+00
4.400702550749396202e+00
4.407314035640941263e+00
4.406315951052815372e+00
4.412357749731689260e+00
4.417690112939883562e+00
4.413212616539797573e+00
4.426415171295444928e+00
4.430630367645538747e+00
4.430111626857066831e+00
4.431937905843354564e+00
4.433822760650601325e+00
4.435352681794036300e+00
4.435784211364929064e+00
4.432468515298385370e+00
4.438167128452588983e+00
4.440030769678931399e+00
4.447344442733510483e+00
4.442488889920276129e+00
4.445395001287916870e+00
4.448958574540820443e+00
4.442447599282508541e+00
4.447934549670626403e+00
4.442513485556179198e+00
4.444875087012368553e+00
4.440605838729298149e+00
4.431276395315616234e+00
4.439326318624225998e+00
4.447056103841434016e+00
4.447959720657670424e+00
4.448371915941802257e+00
4.444946859137037798e+00
4.444255387193631890e+00
4.432228958599774948e+00
4.433688548061297752e+00
4.427795928098553269e+00
4.432203189332933668e+00
4.443800219982695587e+00
4.442492720040401188e+00
4.447596336722292598e+00
4.443973014171664460e+00
4.437024584063048671e+00
4.443856502309126100e+00
4.452243308999136673e+00
4.459819250674703639e+00
4.459248129551279582e+00
4.460389944524929540e+00
4.464201929940544211e+00
4.470818798773819047e+00
4.475317936093947679e+00
4.477443152514557489e+00
4.476071395001937070e+00
4.474711358481122225e+00
4.474553381472105684e+00
4.471591720819751536e+00
4.463937269262701513e+00
4.464989109638990428e+00
4.460432960926696389e+00
4.460936043248445060e+00
4.468056045373468343e+00
4.470167190950669500e+00
4.472434488178987699e+00
4.471018106765269451e+00
4.473849946933535549e+00
4.473879227458680496e+00
4.470476433785948167e+00
4.466614791527248940e+00
4.463380769095497413e+00
4.461780210840828431e+00
4.459778739088846145e+00
4.461049622374773982e+00
4.460221997250718218e+00
4.456032461966302982e+00
4.457882344717953416e+00
4.455793880468301715e+00
4.460505763183481243e+00
4.461290372602392473e+00
4.463483270868524144e+00
4.467030943160449574e+00
4.471038836767238678e+00
4.469643344626520687e+00
4.469662289541433076e+00
4.466206215239488131e+00
4.469039917987914556e+00
4.468342977244007308e+00
4.468061619935505213e+00
4.469752633801871156e+00
4.473804908690807380e+00
4.479519568102875660e+00
4.482682573644340529e+00
4.485686378923717577e+00
4.480476589938620968e+00
4.478964456359619817e+00
4.476731770718916259e+00
4.472497946926315748e+00
4.468690663662152396e+00
4.462181667521164741e+00
4.461069020493501291e+00
4.457384573490204893e+00
4.455194297588735530e+00
4.456287607552192220e+00
4.456910273589509863e+00
4.459718606404813990e+00
4.459875220658961581e+00
4.464970000902156677e+00
4.467079754150960369e+00
4.465780998346910557e+00
4.465601407456461835e+00
4.462692186650886406e+00
4.455937025562451304e+00
4.456548074414171445e+00
4.457851433834430388e+00
4.463919490376322408e+00
4.459649001429453641e+00
4.458051179103203587e+00
4.458308848541815195e+00
4.457640400049712959e+00
4.461490983783517272e+00
4.464340554959461471e+00
4.461432772293596472e+00
4.459032696889678959e+00
4.451716816449402536e+00
4.452346374180325306e+00
4.449705200123443838e+00
4.449644918499313206e+00
4.445456123100782975e+00
4.437758693042526126e+00
4.433047473847100406e+00
4.434789707715973250e+00
4.440304416486630323e+00
4.445678269528680282e+00
4.444280988498374718e+00
4.442064375731228587e+00
4.444754638089022158e+00
4.443559034894755122e+00
4.440082746297391303e+00
4.443899579666719113e+00
4.443495963769943380e+00
4.444644141431428608e+00
4.443819746469167775e+00
4.441738705925778241e+00
4.445788177207205649e+00
4.441233614905923055e+00
4.449661827439367556e+00
4.452731968807850826e+00
4.453946473031421327e+00
4.453929113317412813e+00
4.452950046426572328e+00
4.452313687734952730e+00
4.449773888226938645e+00
4.450687361341113757e+00
4.450267796180376045e+00
4.441909969658081714e+00
4.447487660634554807e+00
4.452835172737150238e+00
4.454072387123024335e+00
4.452486790618418233e+00
4.444983169084294694e+00
4.438507110315065063e+00
4.438037885617499789e+00
4.440157035295063004e+00
4.439156204430330099e+00
4.437225154998436061e+00
4.438972785764756956e+00
4.436543192672353975e+00
4.434186835421460415e+00
4.425858913305128262e+00
4.422559149986716953e+00
4.430118584585755137e+00
4.433964502323077816e+00
4.433169161852209328e+00
4.432270232694016876e+00
4.423189442136521876e+00
4.413269424529188356e+00
4.402329677421386478e+00
4.394885986984661486e+00
4.403590834808309040e+00
4.407250384829311862e+00
4.409149859613391342e+00
4.401771816503010193e+00
4.390584260171852549e+00
4.381597240739499632e+00
4.370652974962218273e+00
4.368302699762575791e+00
4.354967309576879053e+00
4.352004069030074085e+00
4.350966414004406424e+00
4.354608360793259969e+00
4.354365183420733310e+00
4.346562489558713160e+00
4.338692489271818609e+00
4.317134359033137692e+00
4.307049452428945102e+00
4.299832670701408510e+00
4.299965547785657982e+00
4.298300453000224230e+00
4.306639822968686637e+00
4.312050134275754232e+00
4.307918815488456232e+00
4.312714592666192281e+00
4.305942090651766918e+00
4.296875245547116862e+00
4.297810171090424625e+00
4.292429281832592203e+00
4.295087757149089747e+00
4.281451164332346515e+00
4.270044263898882697e+00
4.257055909150107453e+00
4.233745801693597599e+00
4.223122754417116376e+00
4.213960906515413107e+00
4.210000755237996550e+00
4.204126163762271773e+00
4.198295688073968357e+00
4.206826917203028593e+00
4.200012293974149102e+00
4.216194107810034453e+00
4.228024822464536037e+00
4.230483806769147037e+00
4.235387607732378434e+00
4.226754396770854960e+00
4.239200044606685758e+00
4.227170814711846525e+00
4.217392629474463028e+00
4.208106732445558329e+00
4.203990647193617924e+00
4.208455957262663638e+00
4.194989022048237537e+00
4.196901722771209542e+00
4.176660041665137157e+00
4.168240879703378532e+00
4.162359497554714238e+00
4.169053953748231400e+00
4.145784041001099318e+00
4.141151463080297468e+00
4.128862391402328136e+00
4.114423397881840749e+00
4.107119262790763337e+00
4.117946475841017140e+00
4.127688601821837722e+00
4.125702839526336874e+00
4.119552089213190271e+00
4.096938380146411873e+00
4.073773504456863037e+00
4.053256434732450231e+00
4.061127778764215712e+00
4.044870917161309976e+00
4.055082935915204523e+00
4.052052781694629680e+00
4.058047614412963355e+00
4.055804441397147464e+00
4.059933968730824461e+00
4.082645519076087304e+00
4.092608620212536685e+00
4.053097532890639343e+00
4.023474098238881247e+00
3.993434407716971890e+00
3.989297352141944142e+00
3.953064357542497742e+00
3.898967874524703614e+00
3.862088905342245138e+00
3.794978725763545668e+00
3.774021873478732303e+00
3.728270308291568025e+00
3.717233129988898543e+00
3.687153892620581797e+00
3.638893549221977164e+00
3.631002320292441521e+00
3.603853457464417431e+00
3.603004283109013439e+00
3.565427984128065386e+00
3.508346899800496743e+00
3.510590901457286250e+00
3.508587830482731817e+00
3.478761849886930602e+00
3.436432336837421886e+00
3.437464810414470495e+00
3.431817420893335413e+00
3.329521067137175105e+00
3.256469634113995593e+00
3.246063468583962219e+00
3.271753078539519688e+00
3.319968323087824746e+00
3.384298843787568956e+00
3.297495703879415263e+00
3.277822478976384790e+00
3.258512520747724128e+00
3.219696321790239235e+00
3.108970587930022234e+00
3.009478919293985921e+00
2.970142531481246184e+00
2.917224186900101213e+00
2.712613509607784579e+00
2.664528114510846368e+00
2.532434281117241781e+00
2.435235636565503459e+00
2.340973013630884836e+00
2.210021917778863365e+00
2.015686258231895511e+00
1.882107745698755163e+00
1.866682545364655832e+00
1.896869580891896945e+00
1.919881971973848689e+00
1.966159608073552834e+00
1.939291091440080717e+00
1.939667312647343156e+00
1.906671333422326420e+00
1.869837901777379630e+00
1.976388571229216184e+00
1.927608328737509868e+00
1.849706214270778082e+00
1.970308762082269904e+00
1.773696944295033218e+00
1.624127171557737892e+00
1.563109597515199178e+00
1.505512605367293588e+00
1.402869320575623302e+00
1.250372209949585978e+00
1.109314122689620152e+00
8.461847156750970100e-01
1.064589784564546004e+00
9.917175130933827409e-01
8.463803328131336290e-01
7.194767434616289314e-01
5.935183086913718986e-01
5.479786983154875113e-01
3.378661742221207298e-01
2.870339100721964187e-01
3.037994646554003086e-01
2.640638750017500480e-01
0.000000000000000000e+00
nan
nan
nan
nan
nan
nan
nan
nan
nan
nan
nan
nan
nan
nan
nan
nan
nan
nan
nan
nan
nan
nan
nan
nan
nan
nan
nan
nan
nan
nan
nan
nan
nan
nan
nan
nan
nan
nan
nan
nan
nan
nan
nan
nan
nan
nan
nan
nan
nan
nan
nan
nan
nan
nan
nan
nan
nan
nan
nan
nan
nan
nan
nan
nan
nan
nan
nan
nan
nan
nan
nan
nan
nan
nan
nan
nan
nan
nan
nan
nan
nan
nan
nan
nan
nan
nan
nan
nan
nan
nan
nan
nan
nan
nan
nan
nan
nan
nan
nan
nan
nan
nan
nan
nan
nan
nan
nan
nan
nan
nan
nan
nan
nan
nan
nan
nan
nan
nan
nan
nan
nan
nan
nan
nan
nan
nan
nan
nan
nan
nan
nan
nan
nan
nan
